3.087564591686226777e+03
3.087991520912598389e+03
3.094968389397359260e+03
3.076547411044429282e+03
3.068830525908774234e+03
3.073312386897126089e+03
3.080921546750877496e+03
3.081844313262149626e+03
3.068538954480128723e+03
3.075246750111257825e+03
3.081370423022257910e+03
3.077574685292976028e+03
3.073937959672736270e+03
3.083752267058816415e+03
3.103416087930096637e+03
3.097117497781954171e+03
3.096842912121964673e+03
3.086643272687370882e+03
3.092360894283460766e+03
3.078472919918810021e+03
3.077018765185688153e+03
3.080524612420252197e+03
3.082500571108202621e+03
3.075704497288521452e+03
3.077548652904692972e+03
3.073083126046991765e+03
3.064164088823556540e+03
3.061010465309881511e+03
3.059907363170876579e+03
3.051379195404063466e+03
3.041821895498852427e+03
3.057618928573066114e+03
3.062856756358999519e+03
3.066118679980645084e+03
3.044752260383682824e+03
3.028576616640531029e+03
3.055251645628084134e+03
3.052737843102890110e+03
3.073450859295995087e+03
3.085632451307886640e+03
3.087035517041104868e+03
3.090790779246665352e+03
3.094742210390330456e+03
3.092763577495694335e+03
3.086612521240693695e+03
3.096426953976068489e+03
3.104232536960741982e+03
3.090588329726770098e+03
3.092752650719097801e+03
3.075049815120149560e+03
3.095312061077773706e+03
3.091996572911930343e+03
3.095397438624644110e+03
3.091055544232527154e+03
3.094330075439557277e+03
3.095582269085567987e+03
3.093981086054963725e+03
3.082352417881177644e+03
3.100904102141119438e+03
3.104543690419000995e+03
3.103650131622859135e+03
3.106528001297679566e+03
3.113317530626934968e+03
3.117639773948235415e+03
3.117153737644840021e+03
3.114438496395543098e+03
3.114746319893051350e+03
3.109445488095740075e+03
3.115685896698816123e+03
3.107720002276486412e+03
3.117629947922792326e+03
3.119187848685692188e+03
3.114304972506489321e+03
3.106470181235541531e+03
3.107536668060217380e+03
3.109129052311921896e+03
3.115108302479789472e+03
3.115263975666495298e+03
3.110427726863441421e+03
3.110170110016187209e+03
3.110732699339767805e+03
3.113031756499797211e+03
3.111889696346459004e+03
3.113894082391831489e+03
3.116145495334653333e+03
3.115782220197358583e+03
3.107058118583770010e+03
3.109062353962842280e+03
3.109085953116462406e+03
3.109427540024815698e+03
3.108840978100182838e+03
3.111297128806127603e+03
3.115039888275904559e+03
3.117485132618667194e+03
3.116648324171265358e+03
3.114501486921865762e+03
3.116954458881842129e+03
3.119492887283337495e+03
3.122383078420079073e+03
3.122384674986878508e+03
3.127766532823813577e+03
3.123784390598385471e+03
3.122106842815026994e+03
3.123750947109529989e+03
3.127092475895271036e+03
3.126019294166288546e+03
3.126160490207797466e+03
3.127196280638583175e+03
3.124851075170455260e+03
3.123825609352156334e+03
3.122807634571302515e+03
3.112245772499412396e+03
3.110590413136019379e+03
3.104884298766762640e+03
3.105402184702224986e+03
3.106297959850971893e+03
3.113022644321603366e+03
3.115307348055439888e+03
3.116443564976640573e+03
3.116259650904416958e+03
3.112904029126831119e+03
3.108728200605938582e+03
3.113694608941064871e+03
3.116246947356710734e+03
3.113408251339820254e+03
3.099088661558618696e+03
3.102459331185322299e+03
3.092281271028508854e+03
3.096395697248959550e+03
3.103772413774505821e+03
3.102614583647054587e+03
3.097400117789048636e+03
3.101401064638398111e+03
3.104944113745586947e+03
3.100860140286620208e+03
3.090177831533674635e+03
3.081392475304598520e+03
3.096870901677983966e+03
3.092955867751259120e+03
3.084918339043026208e+03
3.086821420522355766e+03
3.077962977524833605e+03
3.094960288377083543e+03
3.091493726888809306e+03
3.094458947473920034e+03
3.091267767042125797e+03
3.091793804927413930e+03
3.088549712962199010e+03
3.089306134005140848e+03
3.081987343498490645e+03
3.076886885588981841e+03
3.073838941669505402e+03
3.082508709373877991e+03
3.087185004584335729e+03
3.091192354604927004e+03
3.093543118460375354e+03
3.094072816784426777e+03
3.089457493440681901e+03
3.085015606099216257e+03
3.079185941501301386e+03
3.075566179395138988e+03
3.084930728706979153e+03
3.078442435160447531e+03
3.077074651819342762e+03
3.070922536246705477e+03
3.076170416792934702e+03
3.077551696610267754e+03
3.063824652927657553e+03
3.056804197750058393e+03
3.046515866215216192e+03
3.038341475721160350e+03
3.044132170713307460e+03
3.052412461700610038e+03
3.047655665190341551e+03
3.049525104576066042e+03
3.046660099689740946e+03
3.038150820312081123e+03
3.054771541811925999e+03
3.048252921982270891e+03
3.043975751265349118e+03
3.041901587292108616e+03
3.041003074018658481e+03
3.041843203030402492e+03
3.052069049826711307e+03
3.053165343823317471e+03
3.050136280627336873e+03
3.047363252159449075e+03
3.047411182935642046e+03
3.050194831684949804e+03
3.053032934143724560e+03
3.057664791374594188e+03
3.055772450839512203e+03
3.055665437455543270e+03
3.051754219780372750e+03
3.047733769585521713e+03
3.049255734238374316e+03
3.050758876360417617e+03
3.052145987306035749e+03
3.047972797834676385e+03
3.050943782202471084e+03
3.051196905094802787e+03
3.057330768935644301e+03
3.053792971409470283e+03
3.040123071230223104e+03
3.043264856752831747e+03
3.045876546859900827e+03
3.048397673865899378e+03
