2.039999999999999858e+01
5.033333333333333215e+00
1.076666666666666750e+01
1.040000000000000036e+01
1.043333333333333357e+01
9.633333333333332860e+00
1.706666666666666643e+01
1.343333333333333357e+01
1.346666666666666679e+01
5.000000000000000000e-01
1.633333333333333304e+00
2.686666666666666714e+01
1.376666666666666750e+01
1.306666666666666643e+01
5.799999999999999822e+00
1.923333333333333428e+01
1.553333333333333321e+01
3.053333333333333499e+01
1.726666666666666572e+01
1.619999999999999929e+01
4.326666666666666572e+01
5.336666666666666714e+01
3.903333333333333144e+01
4.770000000000000284e+01
5.413333333333333286e+01
4.326666666666666572e+01
5.576666666666666572e+01
8.313333333333333997e+01
7.290000000000000568e+01
7.120000000000000284e+01
9.743333333333333712e+01
9.226666666666666572e+01
1.237000000000000028e+02
1.286999999999999886e+02
7.970000000000000284e+01
9.733333333333332860e+01
1.187000000000000028e+02
9.083333333333332860e+01
9.396666666666666856e+01
1.044333333333333371e+02
9.290000000000000568e+01
1.477333333333333201e+02
2.018333333333333428e+02
1.707333333333333201e+02
1.428666666666666742e+02
1.250999999999999943e+02
1.502666666666666799e+02
1.985333333333333314e+02
1.257999999999999972e+02
1.329000000000000057e+02
1.408000000000000114e+02
2.073666666666666742e+02
2.060000000000000000e+02
1.769333333333333371e+02
1.796333333333333258e+02
2.410333333333333314e+02
1.974000000000000057e+02
1.364666666666666686e+02
1.655000000000000000e+02
1.520666666666666629e+02
1.418333333333333428e+02
1.503333333333333428e+02
1.349000000000000057e+02
1.075333333333333314e+02
1.978666666666666742e+02
1.464666666666666686e+02
1.866333333333333258e+02
1.494333333333333371e+02
1.437333333333333201e+02
1.906666666666666572e+02
2.190333333333333314e+02
2.077333333333333201e+02
1.795000000000000000e+02
2.056333333333333258e+02
1.839666666666666686e+02
1.469000000000000057e+02
1.779000000000000057e+02
1.870999999999999943e+02
1.697333333333333201e+02
1.041333333333333400e+02
1.763666666666666742e+02
2.007666666666666799e+02
1.578000000000000114e+02
1.711666666666666572e+02
1.301333333333333258e+02
1.293333333333333428e+02
1.271333333333333400e+02
8.450000000000000000e+01
1.007666666666666657e+02
1.020333333333333314e+02
7.650000000000000000e+01
1.258666666666666600e+02
1.269666666666666686e+02
1.090333333333333314e+02
8.143333333333333712e+01
1.006666666666666714e+02
8.376666666666666572e+01
6.529999999999999716e+01
6.210000000000000142e+01
7.146666666666666856e+01
7.746666666666666856e+01
5.810000000000000142e+01
7.283333333333332860e+01
6.563333333333333997e+01
8.570000000000000284e+01
7.156666666666666288e+01
4.743333333333333002e+01
6.883333333333332860e+01
7.650000000000000000e+01
3.033333333333333215e+01
4.800000000000000000e+01
4.436666666666666714e+01
4.003333333333333144e+01
3.513333333333333286e+01
6.036666666666666714e+01
6.026666666666666572e+01
6.079999999999999716e+01
5.866666666666666430e+01
4.503333333333333144e+01
1.719999999999999929e+01
2.173333333333333428e+01
5.046666666666666856e+01
3.400000000000000000e+01
1.040000000000000036e+01
1.276666666666666750e+01
4.329999999999999716e+01
3.596666666666666856e+01
3.336666666666666714e+01
2.256666666666666643e+01
1.883333333333333215e+01
2.613333333333333286e+01
1.523333333333333250e+01
3.313333333333333286e+01
2.873333333333333428e+01
2.439999999999999858e+01
1.833333333333333215e+01
1.256666666666666643e+01
4.266666666666666607e+00
1.776666666666666572e+01
2.430000000000000071e+01
1.676666666666666572e+01
7.599999999999999645e+00
7.866666666666666252e+00
3.066666666666666874e+00
4.333333333333333481e-01
1.556666666666666643e+01
8.300000000000000711e+00
2.333333333333333481e+00
2.433333333333333126e+00
1.643333333333333357e+01
2.966666666666666785e+00
4.599999999999999645e+00
4.233333333333333393e+00
6.333333333333333037e-01
3.333333333333333148e-01
1.500000000000000000e+00
7.000000000000000000e+00
3.600000000000000089e+00
1.066666666666666652e+00
1.366666666666666696e+00
1.566666666666666652e+00
2.000000000000000111e-01
1.466666666666666563e+00
6.466666666666666785e+00
4.333333333333333037e+00
4.000000000000000000e+00
4.333333333333333481e-01
7.033333333333333215e+00
7.566666666666666430e+00
6.866666666666666252e+00
1.746666666666666501e+01
1.950000000000000000e+01
2.860000000000000142e+01
2.350000000000000000e+01
1.006666666666666643e+01
1.393333333333333357e+01
1.880000000000000071e+01
2.506666666666666643e+01
2.966666666666666785e+01
3.489999999999999858e+01
3.466666666666666430e+01
3.523333333333333428e+01
2.480000000000000071e+01
2.856666666666666643e+01
4.339999999999999858e+01
7.213333333333333997e+01
8.056666666666666288e+01
5.420000000000000284e+01
6.556666666666666288e+01
5.626666666666666572e+01
6.533333333333332860e+01
1.120333333333333314e+02
1.290333333333333314e+02
1.317333333333333201e+02
1.172333333333333343e+02
1.037333333333333343e+02
5.689999999999999858e+01
7.426666666666666572e+01
7.316666666666667140e+01
1.095666666666666629e+02
1.067666666666666657e+02
8.890000000000000568e+01
9.290000000000000568e+01
9.109999999999999432e+01
8.206666666666666288e+01
8.016666666666667140e+01
7.136666666666666003e+01
1.005000000000000000e+02
5.536666666666666714e+01
8.156666666666666288e+01
8.723333333333333428e+01
1.150999999999999943e+02
8.340000000000000568e+01
9.840000000000000568e+01
8.213333333333333997e+01
7.773333333333333428e+01
6.629999999999999716e+01
1.302666666666666799e+02
1.150666666666666629e+02
1.270999999999999943e+02
1.179000000000000057e+02
1.436333333333333258e+02
1.219000000000000057e+02
1.161333333333333400e+02
1.043333333333333286e+02
1.241333333333333400e+02
8.829999999999999716e+01
1.027999999999999972e+02
1.252333333333333343e+02
9.093333333333333712e+01
1.019333333333333371e+02
1.141333333333333400e+02
9.179999999999999716e+01
5.779999999999999716e+01
5.520000000000000284e+01
7.806666666666666288e+01
8.833333333333332860e+01
7.033333333333332860e+01
6.343333333333333002e+01
6.326666666666666572e+01
8.086666666666666003e+01
6.166666666666666430e+01
6.139999999999999858e+01
5.853333333333333144e+01
5.770000000000000284e+01
5.566666666666666430e+01
5.533333333333333570e+01
3.546666666666666856e+01
5.363333333333333286e+01
2.310000000000000142e+01
3.183333333333333215e+01
4.460000000000000142e+01
5.133333333333333570e+01
3.393333333333333002e+01
1.863333333333333286e+01
2.400000000000000000e+01
2.056666666666666643e+01
2.623333333333333428e+01
1.486666666666666714e+01
3.589999999999999858e+01
2.236666666666666714e+01
1.900000000000000000e+01
2.039999999999999858e+01
2.076666666666666572e+01
4.893333333333333002e+01
1.656666666666666643e+01
9.633333333333332860e+00
5.700000000000000178e+00
1.190000000000000036e+01
9.300000000000000711e+00
3.133333333333333304e+00
4.566666666666666430e+00
1.006666666666666643e+01
1.500000000000000000e+01
1.050000000000000000e+01
2.833333333333333481e+00
8.966666666666666785e+00
5.533333333333333215e+00
3.233333333333333393e+00
6.366666666666666252e+00
2.200000000000000178e+00
6.166666666666666963e+00
4.200000000000000178e+00
1.153333333333333321e+01
1.156666666666666643e+01
2.100000000000000089e+00
1.800000000000000044e+00
7.666666666666667185e-01
1.100000000000000089e+00
4.333333333333333481e-01
4.000000000000000222e-01
1.000000000000000056e-01
4.533333333333333215e+00
3.700000000000000178e+00
9.666666666666666741e-01
2.299999999999999822e+00
3.600000000000000089e+00
2.433333333333333126e+00
4.500000000000000000e+00
8.199999999999999289e+00
4.766666666666666607e+00
5.999999999999999778e-01
1.653333333333333499e+01
3.823333333333333428e+01
1.840740740740740833e+01
